7.86490091464696 8.1723619701534 8.34552212860064 9.41797297608165 7.36968490544839 9.39360171067621 7.64949009855557 10.2651072819383 9.35328948474585 8.84157842635477
9.5385274129948 7.75089338452143 8.77511989043145 9.26515773109046 8.86596182690264 6.81970217066027 7.18858336989215 9.37860282761322 8.5496474108906 5.17512803097519
8.09126103899905 8.65698614567618 8.73571809322981 9.15602399385958 8.13730272934031 12.8520488463411 7.99899430105319 9.80441442367054 8.75562179511341 7.24048755464779
9.04823954245463 8.38002256975414 10.0772953515948 9.63123671746799 6.11611083258132 6.14050822355387 7.49458503510874 9.62705703559027 8.37572352632673 10.2711470365534
7.18451083260756 8.13142116083451 8.47694395705793 8.25755767506048 6.25376941385995 10.4751411643604 7.13788984806983 9.54567911534912 9.17282578877876 10.5337406329392
5.89726187870598 6.32899749813293 7.41822626872242 7.39410513435855 8.10889368944658 8.1359168962946 7.87391269005644 8.90241928454888 9.28123745092407 11.0380133201652
8.55164718483078 9.44937584760747 7.95416940137172 9.04035980035675 7.64733405247923 9.58035569432045 9.18191925785593 9.78005687258057 9.78078159967076 5.91258039812718
9.39883448930334 8.008409111511 9.74424946750388 9.61753372485317 8.92640674255663 4.29943180260174 7.63175283515681 10.3668625565843 9.11704154305752 10.5943957270652
6.84790696869737 7.09143706052305 8.68425813391331 8.11060971812694 8.61783055585833 7.08641115205505 7.5487692814057 9.29180312931374 8.47912263462329 9.65314898477148
7.64370397010592 7.54135025348163 7.16234423692871 7.3971792283128 8.36244341232437 6.1162290285666 9.97839410811354 8.38072101578949 9.47289195868051 8.90541292054067
10.1499556860828 7.46983112045238 10.7400852986123 9.84220788064635 8.18140217123861 9.77287715091864 8.53279245115528 10.6202303607597 8.84401106663551 9.9362347219303
9.0779290897849 8.54428002961169 9.13426308399815 9.0573207939849 8.61389562716624 6.8006297700023 8.0918982278909 8.93339986525199 8.50677165635411 6.66471790124082
7.47193083399477 9.55045553045182 7.89486316660086 7.59016903388218 10.9885937355162 9.92042084934598 5.92322701063218 9.76993887165657 7.91090344957026 12.8150921238393
6.00145775772792 9.02060553850183 9.33378897020026 7.94836782180187 7.56590954022216 9.41594281659236 9.63369385600977 9.11405688407599 8.81791151512813 14.2566246862733
7.91259096915033 8.83983384088272 9.17326860102133 8.31099961429913 8.7961829417849 11.4160503194252 9.14205329461841 9.54813555411221 8.92427547334607 12.3155196515467
9.06823398348709 8.87241722771891 9.96360877680006 9.19112793996557 7.20524884262853 8.52196906162837 8.07546975254201 8.13071261979797 8.04650843187202 12.4098535700505
7.6440935485689 8.73941774874621 8.36597590391779 8.43463008354005 10.6393805432928 11.2200746292367 8.06165806178405 10.4151579973919 8.17447414383243 10.3906724870075
8.57215964275986 7.48013230802202 10.0930698808002 9.57652091009063 9.7562278045788 9.86066776495902 8.56665098169739 9.20635653345387 9.15549473634237 12.0799980016921
6.21392408583361 8.56539949989648 8.12585992317634 8.73085119616202 7.0515805597802 7.22685104160731 8.86960955360097 8.66269143249261 8.91000670180384 10.3234770290519
7.75172759145299 9.03045467258665 8.87511340493211 8.08689743423628 6.37282215604403 13.2963939623322 8.27585830942293 8.69831221796194 9.32662711317417 16.422242541142
7.95132455780075 8.9520898444872 8.39488935162725 7.85321632156648 5.42627877492925 11.6316542641149 7.04449426399724 9.53817074262517 8.92976719851454 9.40153746559469
7.66134081747765 8.27999348949389 9.23387768278429 8.24029621552335 7.9429734094055 8.1929256341106 7.61045659428986 10.413133786337 9.00232603267064 5.76648694456316
9.15551062166984 10.0372459529682 9.63977195556978 9.01944091769046 6.64217783073683 6.65342536359269 6.56757859067539 8.42960406126521 7.77029020452208 10.0749927144839
8.52888159830386 7.3530814544986 9.49131242658259 9.26142281495423 6.19572246457562 8.18660688923605 8.28286981919235 9.30262552430281 8.84289670190484 7.15415915711586
9.31580807974356 7.27692176854646 8.94386873130183 8.69718934711796 9.01451653727373 7.80691305737202 7.9156049727694 9.9459447510077 9.20695261475936 9.95990839700476
8.65582381693535 7.4252371508325 9.57198947204612 9.3565570231474 6.48544899607038 2.66536916587034 7.84868476109292 8.78359789198915 8.74142755429988 13.4202532149168
10.1962173592144 9.16119373423707 9.88805806489399 9.88169031615042 8.87784429950395 6.17538131920736 7.13909667879431 8.46643293199572 8.90724716697737 13.1491029693635
8.50804178615803 7.46014330825719 9.69756643099851 8.76100851241134 7.70922134297222 11.2148849933327 8.81297997915971 11.254647139943 10.2198834699517 8.00286314107437
8.41541506232762 8.30012320193754 9.03565802742156 8.42491485179389 8.84716592694918 10.4500623637326 8.64846232567487 7.99799405525632 9.04161677135146 7.30515830845267
9.0809538069706 8.56094229446686 8.86497879977169 9.97487714563139 7.31278350837026 13.6175800548329 9.00270552770741 11.9448198707212 9.08709844804589 12.7253674407105
11.5224904667248 8.16129411147933 9.93613129445616 9.55174095354156 6.89261458439942 12.1756427846296 9.55923093468692 11.2220316265824 7.90113350906703 7.69294898574543
6.75729501698727 9.7235288367428 8.30557000568953 7.73136714809287 10.5330807633532 9.59432715676749 9.77774791048883 10.6760018790949 9.3890667037089 9.44241728956244
8.80478316462661 8.3926925019965 8.30070755492102 8.51563810497293 7.86975420740593 7.54669840715409 8.44209459151354 9.47088491747416 9.60526766212473 11.0035622423245
8.67506494321067 7.65595254334747 9.59356993861216 8.75257322273823 8.18929425399751 9.05040738008756 9.56334543645719 9.35444418064152 8.83849191775385 9.83562747780653
8.35262809315021 7.91726569317634 9.1487175738123 9.4284938206891 5.39881556637054 7.06668868715128 8.41277730368727 9.87701360820873 9.05043031184275 8.96648334102354
6.51507571640773 8.12221681220509 8.09066745817478 7.90998373359858 5.48556025843331 7.52469179091801 6.73115960390294 8.51443884117558 8.28750257359578 10.094591304325
6.85016188490045 9.75493110976841 9.24123348808751 8.9158831973917 9.13428527370462 8.14637151826975 7.97577566405932 10.667711399374 6.64179602985415 7.96871535637285
6.51068669996999 7.65224339639876 7.58820777827747 7.32624787698735 9.58729525628993 10.6825221136372 7.77956074976706 11.4220772108132 7.92995888462462 9.46470618084943
9.88475246878034 7.48538717996364 9.62059245088495 9.41945134089397 8.40809764993168 9.34812904622935 9.12641546181476 9.25819408952994 9.28204022914568 10.853912783877
7.63912921399857 6.65689249619452 8.74309704781101 8.57401156198211 9.91346300482786 11.5448237294232 7.47748006049018 10.9799466153962 9.09353930483346 5.35188506524083
9.50543829577101 8.39597075423016 9.28501120144658 9.56358616546358 7.99465458107574 10.9008100481659 8.37742834569041 9.10263943616702 8.47313523143604 8.34036508372275
8.90375922904873 9.06240801730111 9.86778940234589 8.06115949815588 7.63671619952292 8.39420539724606 8.13476332639355 9.27847068474674 8.83793390935243 11.407515138774
9.4395867720425 7.23772210242278 9.51822111712014 8.31562533045635 6.94848173025451 6.81343818963727 7.66677569717257 8.51231933682564 8.33897565990845 11.2506644948837
8.69055761035195 10.7246414631052 9.44797611375153 9.76467285784666 10.6116449921545 9.91931894234473 8.60989717362145 9.93087532806588 8.70453352233137 10.3388264709287
8.75316900199643 8.09611164111426 9.1196051734072 10.0377515272456 8.30666332087654 10.6557473697471 9.85795668453701 8.92651228154639 8.6444128325122 13.0420307271473
7.02418327134786 8.88739161270914 9.30107952999836 8.75796700802291 6.71653975423435 6.9758158727194 8.33442110900508 11.1101798523696 7.55704701822012 9.31328151342237
7.17077238758612 9.10031803621053 8.50092376527271 8.83909162329735 8.67634102252551 8.21602967638181 7.42377988985421 9.76173545460007 6.5434527353947 6.91054650563544
8.51418145840132 9.61490500541526 9.09719204456293 8.57643852266087 5.80053539977414 12.3934230649056 10.3287519700514 10.2833388236407 8.34235446060748 7.434958227821
9.09340526822982 7.97266818089536 9.45802293107658 9.70583689650904 8.52725149781939 7.36424783125712 7.81645894529538 9.9315413953872 9.08083821781663 8.07765511881691
8.63628922713407 5.2697016528716 8.58595769035146 8.13453063521839 5.74509490378232 7.23845730128554 6.28851604203146 9.05024195602533 8.31338246139108 7.16574767422227
8.85465755262578 8.25945813342902 9.63317079680965 9.1887906052471 8.54995346062427 9.82547954313906 8.23490402257097 9.57766119675654 8.27426499380054 8.95113201886726
9.89712493097645 8.87556694807382 9.13260387007399 10.7615722280055 10.0688817018173 10.6519834528246 7.63200520680421 10.0149391899097 9.44707256911722 8.61853223407397
9.03819804949074 8.45119898073939 10.0821195371496 9.21991076125267 9.47377656746788 11.1364938453439 11.95424 10.4504828387896 8.42443209372652 10.0491099882744
7.94549931385866 8.94565451783592 8.20723553238982 9.32020387062542 6.02393345980155 11.2458497326009 8.22430532695093 10.6452653037654 8.93632602236744 9.81530375727468
7.34680560368738 8.40101379526263 8.44567470288961 8.33991285632061 6.56517303152419 9.20030945971762 8.27931085687288 8.33684587548105 8.22327479644693 11.6681132337124
7.53587470339347 7.07589327928871 8.96139675408236 8.71608699597191 7.97205752077622 6.27262704190222 6.93488132141644 8.42192844617183 9.61859874907873 10.2076018754118
10.2718488474426 8.08732703848478 9.5003292444201 10.083724864387 8.85875758998835 9.50015553187111 8.50350897921425 8.81491008953807 9.44717091324939 14.9571207665934
10.540717027377 8.07683891535624 9.67934601432174 9.28022478162906 8.36908539359032 6.39728430501194 8.57641741165829 9.26835988286704 9.66843133874563 10.4638668743649
7.32148827502821 8.43366807012209 8.4256740801748 8.65645686219466 9.83072755543473 8.49087110767164 8.30139656990283 9.81027782965988 9.77422053076349 7.71818455227791
6.22238002967615 7.92585903272352 8.52262911616761 8.10602815205102 8.66983798566412 11.4250837142334 8.32720880541662 8.21214657999734 8.64161556296841 13.5797520838808
7.84485516106768 7.43532199962475 9.42226259821121 8.61619523099741 8.91205476468627 11.4717057060701 9.7096073635439 10.0365194510243 8.84847195065534 11.4106228060473
8.0071636202921 6.84059670138429 9.33569157424192 8.47388289802018 8.39129694859416 6.4433972946779 8.04868945233049 9.12303600356748 7.5456877001064 4.8551755862305
8.39006208258509 6.27160462045692 9.02521278048639 9.40541170585794 6.44127627970177 8.41496621379281 8.34300855058739 10.2307156847199 9.69203084285119 10.5795824771147
5.84742817033332 6.74548545831563 9.07516744412784 8.60142223471326 6.52002228958244 9.35256775069962 7.68562601172989 11.3980879217554 10.9286274846127 13.2992323481834
7.74397991435801 8.60618160658847 9.21169774007384 9.19106697073437 5.33302099492777 9.88154068554693 10.0627723729967 10.38650031403 7.62543864981776 8.81077195891347
6.07256993451438 7.50832543894415 7.96055012366851 8.01700834625595 6.43491236891589 9.88634537373727 7.91682145783784 10.0459350637381 6.71566602241287 9.66600066836052
7.91598382825105 8.74212479813 8.10191258535385 8.67327557844483 8.04456420858182 9.1378284738134 8.95672917507312 8.60884826686311 9.03906177138517 10.9945179480518
9.00510467187955 8.36672844031132 9.848949417213 9.08434376620559 7.45465839460312 9.90918244630812 8.40947120362217 10.1710725598987 10.933283441573 11.3421794590475
8.71761962429748 9.32019346755732 10.2892437807814 9.26483422508849 8.14293377580047 6.85428541484539 8.42002988555549 9.14884305242371 8.66971018606746 11.2355499403697
10.6609179510053 8.02501235196506 10.2814604820667 9.53476747915489 9.08820431574234 8.51813721220242 9.23716991675512 10.3300576344849 8.92785786280179 9.85088863136645
5.90698346588668 7.62071921830499 8.10480721698489 8.30507329601588 8.16498391433893 9.52415896046777 7.44291911781541 9.50769592702951 9.7382050177328 7.59082367678557
9.2875279818764 9.3153362216357 9.03105252706896 9.32911765022665 8.26698271051083 8.55791254114934 9.53548051033016 8.83280102919501 8.38215624919182 7.09127356212463
9.53043992962325 8.39995577358861 8.22713231974654 8.8500715743661 8.30642038808776 10.6881405406824 8.29230044895635 9.03666091933696 9.32745049126098 9.62367104904416
9.91001129374297 8.00263018095774 9.19704262103797 9.22806762169651 12.1074736113959 11.0505362022677 9.19403117035608 9.68309396930776 8.61522814931523 12.3344200402298
8.43089143767507 8.00618932893095 9.93525696052992 9.4498479334441 6.63298772370344 8.81039557734262 8.88700277967112 9.79551825887396 9.22630928422353 11.602685888219
9.27695451885267 7.44723599448151 9.20568569248132 8.88843910638963 9.25307901206711 8.09898247211404 8.33522155578908 8.98897319994236 8.47405857755516 3.25078286959005
8.29150690036257 7.42955419791864 8.72734860887349 8.53683467991407 8.89200337877439 10.0223069383342 8.4354768300503 9.06479073073216 9.59922000846822 11.8875949897714
9.58428513640252 8.46564932345925 10.082427592518 8.54720099589981 9.72453427812775 9.16366604057327 8.76486116712728 7.32782980842682 7.61386037023857 5.984847017976
10.3278116707444 9.08283598046502 9.95523798806617 9.9758185591733 6.79725073356596 10.0194759252909 8.60585788015259 11.1890522955939 9.31150576696295 3.73615423271623
7.18074971248871 8.25989078781103 7.26421892256185 8.21920302885648 8.26453356990722 11.8030176316312 11.0034111001135 9.47909576680702 9.1278781990869 7.9792217649952
7.67806760779073 8.02563927901282 8.05704791009232 8.38218082981021 7.67475604027218 9.73779329387435 10.384207003437 10.0883139620879 8.87870044228816 12.3921159617071
8.65842851361325 9.46997585096629 9.35499128512998 7.92838912042165 10.0403386901887 8.33499527946478 9.80385353893845 10.2795843453977 11.5343995289618 10.8277361749319
9.05734449984599 8.5818764817709 10.5587029778769 9.67287001878382 5.64967610226675 11.656103272592 8.24644610352492 8.4274184949594 8.20297151897709 9.27403627604519
5.63522843599545 7.04405655457199 8.62688822716885 8.14598365914618 10.0399729288833 8.96745945772699 8.35495926156574 9.54415394998745 8.86155932823706 10.5171966559287
9.06339546200604 7.53850274893153 9.76260585593985 9.38866376959596 8.90690593939539 8.75793317620978 8.20546316690265 9.18863904876578 8.22493550696953 6.2378265951026
7.64453259021862 9.773922528489 9.49803585453502 8.26260305285213 8.66537327480288 6.92931544102949 7.72344143821562 9.20117882502316 8.22277405003741 12.1363815706223
10.2072291144238 9.90891466299437 9.50386660470437 9.16002572639649 8.28797842899606 10.1587112917302 7.76882568932018 9.35432479221578 9.40899591076602 9.27046180617661
8.12219939426778 8.95587384450422 7.92944883863004 9.3050068817568 6.40115877718581 10.6390902393272 7.98439495907998 10.7063188049838 9.93882380269878 6.9077340591777
8.53577798604255 10.0595142085518 9.76547893349106 9.32717308907542 8.31818595434924 5.41604777782832 7.30115131701824 8.11412387994579 8.54528175155854 5.88067147502275
6.61270306338748 7.91984932736141 8.22526203878764 8.04967639301839 8.12536899241332 11.4039887648137 8.61255978347849 7.65903357078902 6.95363623891348 8.67446950810232
10.619760066987 7.09843759719241 9.83934142451259 9.23921341500048 7.94510140861114 8.35960237900955 8.55351859577811 9.10829758434222 9.72758292958435 8.51441657758437
7.90589593956343 8.62803579019882 7.02331597833147 8.00690352160508 8.62666745142975 11.6327641223401 8.14409440668556 9.52807779877431 7.32089643651402 6.83765063880519
11.4311430457337 7.99836343669723 11.6881918945805 9.84586513345857 5.9970046230857 10.6375600462539 9.19431959603846 9.18077734158741 8.50592088505148 9.43910986209139
10.5036295727321 8.67419996144701 10.1383040346455 9.37822443268467 6.92836724621067 5.07351998711281 9.32751922780555 8.2758656047263 9.98544213235904 8.25641555115199
7.75155097081953 7.05093039920255 8.05802868723645 8.3709334831161 7.52836205970404 8.41919071343347 9.15350142686864 9.07691991667527 7.29109266168753 13.877622809001
9.53131804005436 6.43125089199272 10.3052989087719 9.95349753316648 8.78081779237983 10.6558040581714 7.97418214835449 11.8323597681111 9.15175530833428 10.9239128291798
7.46626238314393 8.51958216714893 8.92698614696735 9.88580264192321 8.77389068152535 5.84321249202523 9.88280202561042 9.17047586342136 8.99894848830366 14.0922421178448
8.76615071439825 8.17348224654116 9.13308261769245 9.34033102985793 7.08285694572138 9.44057058367221 9.61845582617068 9.95147501916828 8.39293593032104 14.0040570182917
8.89987447052176 9.39871208318745 8.90644976106257 9.02066687344189 9.88900032752531 7.30298911312731 8.41071110406984 8.63166724662763 8.71143934242452 6.21454119723245
10.1680301277407 7.57376341980131 10.3033955450466 9.58684034483159 8.72051185775147 9.95292508092473 7.75764500930331 8.78191183138428 7.24893811583502 11.3359732222477
9.92296687130204 7.50065355998236 9.33429946949174 8.20906282970414 10.5148937428026 8.39491715528421 7.64693565507481 10.3529460825011 7.21784729042017 9.6998232862851
6.86661592669117 8.41770598885523 7.31961797359818 8.79891827440807 8.10486336554018 12.2931910030238 11.6809404116605 10.510170413579 8.62287221808602 6.95461711437634
8.71614683899881 8.38457021158457 8.87258235877431 9.39044461015573 8.87815764032243 9.53536109703689 10.0479710433381 11.12394844867 8.68441517955916 15.0280040723056
6.73226446961163 8.61324668387443 9.28386382811924 8.88688535478744 9.52018696418995 11.8711078247261 8.58190383481206 10.4494584348801 9.52787875692509 8.20043980916737
7.26733489608779 8.55731300424806 7.86329828477986 9.66279743978271 9.63328102717439 10.6172813735967 9.0078750394925 9.19424625927972 9.88260091332899 11.903806123326
6.55670880946253 7.43319549792122 9.02057481176289 8.49524800306471 10.3636072710894 6.82278493849917 7.14557127559465 9.90428923830276 8.5008984713512 5.86009785843313
8.34673591413354 8.98945398841696 9.35147918155058 8.19801059192906 6.89489620086155 10.1206065215698 8.59846464010115 9.40219243914086 8.9381044306744 7.5118371794235
7.93368166676318 7.85613739716315 9.76820231158472 8.79346768901414 8.01609096953199 10.4152883920201 8.87357429767862 10.2696324641272 10.2594738094364 9.18549826577861
10.1840943064971 6.38699741481237 9.9145946574456 9.42303607381465 6.60184758496839 11.4125808299743 9.99733078656379 8.3223860923956 8.71474517916156 10.3523545242187
9.27349740243971 8.34609977905327 10.7516108475751 9.50420057519089 8.48005988849334 13.7780119268714 8.22946278147499 9.51916439129636 9.09206265289536 10.9049274683065
7.54980010989892 9.72115516438436 8.42170068281195 8.57297114603028 7.03615161849004 8.79119810954028 8.75138189936736 9.42617505472741 10.2502340295626 9.4342046374969
9.12239165574564 7.43242930067359 9.71500287249252 9.66821873019705 6.09911237396883 10.9383596064748 9.79183140424957 10.166005589421 9.58263817492426 8.58961424524811
7.27840975892213 9.26049982318036 8.47538147478274 8.10836264892951 8.86034563168457 7.38317254466644 8.96921386583038 11.429491397119 8.95478725105361 14.3462806340747
9.4733818504778 6.95641042741008 8.73367719889539 9.19579448835519 10.0842685903057 7.38403143348688 8.03265027989791 8.59177028816645 8.3136125816018 5.54354809382144
8.25295539325347 8.7338606920211 9.31926582063894 9.56654481652378 4.93477162113023 5.94512624990018 8.44342339834697 9.86568596824169 7.01092491276911 12.5027675027575
9.08882175216311 6.65838838371573 9.32892939390677 9.35875645942637 8.3823565156039 13.8832623744666 8.92497092492171 10.733285019512 8.47240750037806 8.95993252257035
8.48264082707546 7.84549868639543 8.3451718787686 8.38818658257817 9.23545015372999 9.24381898934862 7.01757671031185 11.2706807391313 9.59807522737212 8.94146767472405
9.78479497351916 7.49367216931181 9.8029558860225 9.56070775031512 8.17611369339059 8.11986890942659 9.74630710978329 7.92351177255177 8.76040681473292 11.7589275956849
6.39651959825642 7.01548775764303 7.49692483762738 8.09981408413092 8.4030137248368 7.95544995801747 8.12544801082634 9.92672948150549 9.01465003843111 9.79722981502587
9.03254249170022 7.47953014429786 9.18670638617788 8.67084813406358 10.0504147575309 11.0222040164351 8.53770196971233 9.3473319417275 8.80986196498431 8.90339983051955
10.6568411325614 6.74566573221137 9.33870765279356 9.34278503963227 9.07750034529478 12.112685662943 9.28520833086218 10.5360407359548 9.19322821371862 10.9455827609622
9.4123085031693 9.8187380094023 9.99466182054551 9.29700432457982 8.37176947584645 10.031471997453 10.1645247136739 9.53741843842676 10.8514226443438 13.8910918940545
8.1743375194371 9.11963750702405 9.28613349756066 8.7988602748177 6.91245977725805 7.84649071662013 7.76125529099475 8.85791515708884 7.6705245632515 10.1985034583603
10.1556102333224 8.21398531942641 9.23276635679448 9.91562445215071 8.59755504051617 9.73759978064946 7.99547645643684 9.33664350934984 9.08296520633955 10.9168287448939
8.40344004984497 8.07291336820321 9.10564082300819 8.73640516752329 8.65952040512865 10.0019752481711 7.96078518709431 10.3626922125059 9.61043228010269 10.7377896032565
7.97391299030849 7.54792127071584 8.86239112350862 8.6853639413595 11.4560600152063 11.8719371623387 8.87407282110411 10.2004110255916 9.29989087769624 5.28761774048368
6.47049753497427 7.70314941447481 8.50916759609907 9.01780588123327 5.68692252939234 14.0115169298127 8.48165660826323 10.1012881723156 9.64639987896339 6.93999797383532
7.07001577935562 8.2363353617766 9.21446442977096 9.09280684014453 7.59513890419962 10.2378673568005 8.04638160937872 7.24419782036312 7.57415665613211 7.87339131997432
7.23177990791887 7.12067806816404 8.51391522977347 8.0507300979516 9.2393694025594 12.1513652767553 8.55827210807309 9.89341432211478 9.04485706290988 10.3808892959702
8.18646168027757 7.03797612166463 8.39698043561404 9.54854761244163 8.15661181028245 11.8458911140033 9.00915776778491 9.13994208590398 8.45791282974495 7.87030757703969
9.83062724432444 9.4676700915732 8.90017993349921 8.7053429296783 7.23500520943271 7.73449237506274 7.93114462324931 8.56562900657699 7.81672430049639 12.3560844638607
6.49388313343833 6.90843960744557 8.13904244029125 7.09523317180838 9.61402109609446 10.3833947071114 8.56192080655776 9.84834058967019 10.4127452907587 9.92359181841629
8.70748226754269 7.78251195865003 8.29254901296196 9.26861422021274 7.57839640237496 11.928691809762 8.44656760780857 10.4636721027739 7.37180210948325 9.97915570525072
9.32852046166035 7.2923043518424 8.57400014842398 9.95167783654999 9.09130324651374 12.83100822411 9.2971794235407 10.9665807940381 9.1770121353762 11.5324548866698
10.9302736865629 7.4786702408248 10.4843009366012 9.45723300250936 8.5876377002031 12.206914737387 9.21284768424123 10.1059596455132 8.84504764046232 7.483789986384
9.24073554617077 7.12015980538546 10.1018136012025 9.42369105331681 8.73636888538114 10.6307577324787 7.81001326482163 10.2618956818745 9.34835965614582 7.95884695217396
10.0577792475629 8.92742161019543 11.1001186754511 9.91868376995404 8.93148948936865 7.7089428311917 7.27192854304356 9.13081942587659 8.82016536033229 9.66507268211028
10.3176019947511 7.23294024638189 9.41658165611569 8.74400997765395 8.22852379529484 10.8382575765678 8.89224816613685 9.56420431664308 9.54014977100236 11.7000415791308
8.41017185699452 8.48312767679644 9.38512754977072 9.62728812837907 8.61868442451345 11.7066354707198 8.85771983609353 9.84101481692546 9.30190534896437 9.14189445160656
8.7876996098665 6.89420317379692 8.73907686056225 8.61832801989813 7.6200299576754 9.4611091845723 9.16754806072542 10.7207284907614 10.2660491429463 13.6522109815593
7.19966447890689 6.97654527040809 8.44015167246713 8.21375191065046 11.6554904177963 11.920003076578 7.30910278568339 8.87653579359079 6.58362221765502 8.42427245188268
6.18274552608446 12.8421 8.1664339348076 8.49640859681718 9.90213564063547 10.6346000908169 6.43685169355435 8.30172435725022 8.01015257724138 11.3809984176048
8.72935675810685 8.749341179658 9.03003700985126 9.32820193068148 9.54247447585239 12.31323463306 8.78935428120325 9.55717611886781 10.173514272233 8.04887865737475
7.28800165409456 6.90068798880904 7.92467548317618 8.78898473121867 10.1261139159069 14.3960506820548 8.13534689625824 9.18871749990118 8.71489160452323 8.79081368618758
7.39458629349387 6.6159211703956 8.93709733862472 8.24409002964607 9.30371180626709 6.00931302772031 6.84704176120278 10.4448037867062 9.1699592143751 9.51118828550572
5.68179643744457 7.78457323847294 7.6981942755938 8.65688822797238 6.15379301328617 8.808143292109 7.07552572704569 9.63651230744448 8.90937548007831 6.74135722534132
10.5326466639888 8.965901910632 10.2687811722996 9.53072491386636 9.16667537661271 7.61846471155421 8.17268098284351 8.58765613251328 7.41363680437826 10.9256919353804
6.81242761773159 7.97491853255977 8.43344874852125 8.86885385905861 7.04463884961237 9.07940264334382 9.50026666191149 10.1735357084275 9.09772493371601 11.3944336501292
7.46352758586779 7.93763093051369 9.22145918301675 9.23699855504231 7.71367168721423 11.6745341416736 8.70309365010821 8.78058991503027 7.87383076869214 16.0210455275108
8.96522269580543 7.17361712466264 9.03227035147081 7.83999878564736 7.67241975378331 7.48560842045642 8.57599368563129 9.5856052427827 9.87510535938427 8.31876177582183
6.68731176481189 8.39267280338476 9.18757939797662 8.93994432818124 6.48650033983431 15.7222739382339 9.61157127026352 10.2096243865354 8.08635138739242 9.61113151691918
9.76796919043784 8.1486701796009 9.35307066399182 9.07748029260568 9.88141203283594 8.84546099457149 8.57213600949838 9.21745432046414 8.38102373043638 9.91792072197146
8.41741894713431 6.04643822187818 8.9328057954443 8.19026432358052 9.62860656330036 9.47341205271704 7.3328027795487 10.1315767367767 9.99459169921331 9.02511884609788
8.27324413207856 9.14763277863446 9.00540293515787 9.4964264988822 9.59668067893457 7.62130994872922 8.72290433555305 8.88547795523319 9.7690240073275 10.2192482251508
7.28234543789895 8.53592019426532 7.71082641224577 8.70004639231567 8.47435201898874 10.8629789567332 9.304355404738 12.0405870511976 8.99711844354818 5.95434315113714
7.00286532098637 7.57974113652752 8.23199907427193 8.03068100038233 9.768013160859 9.23864893811837 8.41563540537569 9.11051947055845 8.91898310278414 10.2963485469642
7.27433725868341 8.69554089750557 8.08559696812818 7.65519795873923 9.25968550099776 7.08704395838139 8.80511627813803 9.22533035756516 6.92086126416038 11.7323865162896
8.49381840167205 8.2993397228384 8.37743434357672 8.95906011926396 9.18687967046448 7.27960722291395 9.14548853720484 9.15388193963897 10.0867765186654 9.05798032056763
8.5982283160698 8.69417905530037 9.2960170464366 9.15786978010961 8.17080132970277 14.252496056649 8.74218900486364 8.51637946783752 7.63362577741924 8.91009321211945
8.2279571386965 8.88193301736937 8.3435471850053 8.40848898193637 9.33055576778536 4.10417732709044 7.66331312689725 8.69402886869795 9.27891833926031 10.5363671627762
6.36476924565003 6.82636538630548 8.86737996235684 9.10593473936799 10.1542453422128 10.6048598484578 8.12243736037227 10.6323335819187 9.5697119178652 8.27522758010531
7.19055413660493 8.68530847305977 8.94235200055429 9.1160693325409 8.52349974341717 9.12326644092544 8.32601471161014 8.90848017917047 9.32173484438111 8.23803053187724
8.16301921600999 8.10028549128478 8.94520817869967 7.56505248045322 7.69717241864566 10.4406301937206 9.02114023297447 9.29291348791421 10.7386054208023 6.47153120722148
7.15799139120604 8.50454637711795 8.02720770131402 7.89303681458939 8.7684792455807 10.4506262246305 9.06726873918507 10.1939062567676 12.2181364961292 11.7270765195311
9.7173574692683 8.380798669409 9.41299274652635 8.87740444474023 6.75708695233995 10.9687094364891 7.38065916336384 10.2725830185748 8.31076825916746 7.93352224949802
7.71754209757093 9.00785620636684 7.55930201401875 8.29306135932728 6.83278919813125 4.58455549169183 7.11721397575614 10.0081003662266 7.73358711030795 10.0717611629555
9.49437511217131 7.42891650950172 10.3839077362887 10.1259204683371 8.51805931418586 8.01699971398495 9.76780298832579 9.60993632257794 9.39595069249141 13.5321487076992
6.6189684011249 8.37960205292468 7.72741206519224 8.32523674054302 6.74794451073304 10.2552906129645 6.39590631570972 9.48047684929745 10.5861374235727 10.8438143421227
9.66365303083957 7.94138547843699 9.84737544801041 9.23865931597342 7.16084928637158 6.80271005428514 8.40721358296993 9.6782359971904 7.95178059548292 8.39165626013947
8.20736675343482 7.90314481616581 10.0004740443573 9.56594062104588 6.11268793618547 8.81439822509399 8.55650497597147 9.99670112294513 9.70841239034552 6.121905416621
10.4458353008562 8.19115236981098 9.02568579913898 9.44587671353226 7.37615704570646 9.20383903901024 7.96705556024415 8.47232956388789 9.16207069187491 8.42151478340061
7.8500693746946 8.42401174486531 8.57830911956291 8.21870868351748 6.7543841575776 10.0724861508683 7.82114111962425 10.7220339948619 10.0678245397836 8.19608728302972
10.5273787798043 9.89177292492317 10.7843196681632 10.1543022879018 8.59824879833909 9.24955986198035 8.49881806427977 9.89599851534034 9.34461722416955 12.163984829003
10.479959360631 9.23464614737134 10.3899869660257 9.61813812916483 7.48812705336231 12.5108467610631 9.15673100930803 9.08519139330417 8.72598275493368 12.4258798238678
7.82045690119859 9.1103582712819 8.74393396294126 8.13888429977573 9.59804909824366 11.2476848446757 10.5147872384787 11.2682207612296 9.8035440960697 9.86374481775404
8.3781770793984 8.76016080977288 8.08216524334294 9.15427826983968 9.64648436653276 10.1535201314901 8.75009030444137 10.1560400259153 10.4708903162992 5.65185570856166
9.24364339208216 8.26401610196356 9.96010628007653 9.11165750434517 6.9612149489029 7.24463107687403 7.74696667219247 10.4260359918416 9.50943406202818 9.90223040470048
9.65741091940741 7.80030243761934 8.9249447019825 9.67528766044974 11.4492390974041 5.64771346250379 8.35402782438745 8.75589026170296 7.94253306739391 7.92745178601417
7.18905312430446 9.0062812714966 8.97090287189677 9.14553417050725 7.88636798953784 10.5997939911183 8.07601659981694 9.42721825494691 7.62468828373601 7.85131968231396
8.97765469632929 7.18578321607191 8.6988200045665 8.80847077471386 9.10294940585463 8.74224467765592 7.3274577413586 9.801407061164 7.88470094764641 8.96151408322776
7.35179400546546 6.82720891335157 9.35138259166972 9.7497525990292 8.2580164838968 11.0479454201194 8.53897471306926 8.03618099954339 9.34060845716551 9.77146439270732
6.20970716208687 7.40709064297821 6.70297511868196 8.06160271153848 9.540291717875 8.92638584281759 9.64419657403712 10.252498019123 9.34296740936517 10.3377732228698
10.1992758871039 7.79174258291953 10.0629106868824 9.82964408991665 6.38157564514193 12.3886426505393 8.36662548635171 9.74865248914056 9.77394299302766 9.03912605571774
8.34776157543727 6.04221387299353 8.32552552285394 7.99401141677772 8.60690207180898 10.0414782893023 7.47096769186845 9.81554908442986 9.64819180047624 10.2577495277905
7.79606339157634 6.98419791868945 8.38278578654143 8.71030302789458 8.09657731544911 14.0280000279624 8.76931675329204 9.5466742252013 9.89232464513624 9.04625877963588
9.38967823115754 8.0903438917743 9.8658023293072 10.0164425851228 5.78605380452923 8.90103972193893 7.91247231073884 9.41400008015318 9.59433764176259 11.0883965629657
7.30825224999233 8.63477088897689 8.39514414137138 8.81120637552162 9.36231389104444 9.90280111181001 8.03889702100322 10.2474223273422 10.040287860071 10.2872937101186
10.4663993320013 7.27044840456531 9.01419253312916 9.45819607662052 7.08971916642165 9.2501157090373 9.07862235566644 9.46413479481763 8.2257642265122 6.11878883429283
9.05160539314753 6.79973053942726 9.54613431657337 8.75737207897646 8.76748138979234 6.72127302260167 7.31725636974848 9.88710461096632 9.20866476882615 7.374356186439
8.08504753774753 6.57460413121441 9.8278082229592 9.31382240790365 6.45851260191035 9.07037862867377 8.09428448537217 10.735446523237 10.105295734458 9.341966505231
5.89662528237639 9.6954211068401 7.9330873098875 8.71372190880542 7.26442259765038 10.0423120056834 8.64952155411879 11.0980668433705 9.0956646832544 11.9000078060318
6.94233873833996 6.42248133371806 9.18802764739448 7.58736952508052 10.2515149153858 15.5630712362231 9.33588363010279 9.5567057324488 9.73206524327316 9.86251883227514
7.35538401584086 7.24300323864118 8.77636506245739 8.26791150703157 6.48900635318326 8.07530839400319 8.81337108351277 9.40677371119709 9.74634555296293 9.04718734713984
10.0433429884882 8.76736107929975 10.2095583674244 10.0855720861707 10.0477386738263 9.3516083354292 8.51623501319256 9.93974880433616 8.35045651122204 8.50123980327337
6.25574005435347 6.44760339326293 7.83833694151684 7.54620830992702 8.33553056710718 8.04784891539319 9.06862538473263 7.92797045234323 8.77428356285392 7.66078596630781
7.96214014487712 8.71443982051951 8.43153847040858 7.4050402210543 8.23654672504936 9.17336717330656 8.60117095150823 10.095744088432 10.0516655553721 8.63211400714742
11.4417945102924 8.46840318566646 10.4074883764953 9.76208869300945 8.90178269052917 10.5375524391245 8.67333080491746 9.32032289090247 10.4661258399023 11.8570076228351
9.40415340501237 7.82988112640762 10.3402030122976 9.34232356034664 7.5866272586907 13.6164749774241 8.30468797834222 10.1894028211958 9.7520552907618 10.8060266326288
9.28897054719816 8.23834267266696 9.62262254615301 9.62799046747842 9.49958739040287 9.27959360324127 6.88157695190935 8.68289926338227 9.75630632008087 5.94773524469071
9.08537321679345 8.26559943587516 9.67150236638729 9.71212627197851 7.82791062118191 12.7287000198503 8.21763521747829 10.2124410716311 10.1631884284819 6.64408578808891
10.0746512147481 7.94234489488172 9.27638194648204 9.59277785943745 9.48514121037584 8.21661987065004 8.96623435418744 9.2019062855324 9.21495977795647 6.9072850295882
8.56456216677322 9.1610690363226 9.54785560610351 8.81676639211237 8.76939237732363 11.4981536868409 8.73009122551722 8.88410414193501 9.85194200741414 7.71865282078683
6.54278291640454 8.25346963452393 6.45151286822212 7.50329702660085 7.16356847230999 10.8640774747563 8.70356678839536 9.50714388430627 9.07743665486414 10.1266424557181
9.96633798475469 8.41731802447953 9.09721921777452 8.39740665902966 8.51481050020382 8.25002695662261 8.15261021163855 8.31511947771195 9.07864095796663 6.03697064709772
6.0586591089133 6.96238815793357 7.9988763854786 7.97371819736843 8.75335721403792 10.3586746330621 7.63450383605791 8.92483847692807 9.3747981565103 8.00280401699213
7.40626101659272 7.09780880558584 9.11019322125158 8.50008077882418 5.22678404665947 7.95511975788569 9.01214754525149 7.61160812826544 9.08237338987543 8.80725622666209
8.41539372129832 7.5473375179006 9.28320503442506 9.13812300613964 7.50990764652545 10.7099225753034 8.50137150549686 9.71297719058905 10.7767808887081 6.28353603918917
8.28271194056323 7.17844605009839 9.65704230248328 9.32719182298986 6.63401420608649 8.65971115191106 7.10987523307984 10.2128872891896 9.42100690622198 8.97237593253445
6.65803226852086 8.44940736207003 6.84489684484772 8.14945499239833 7.33114301915143 6.32413022735586 8.87359282286312 7.83604191637321 7.98723808304915 12.3489844414575
9.74354899194666 8.87145290633326 8.56185734307356 8.52525709405981 6.69790126113804 7.87074045495527 9.9741723399687 8.21401233071226 8.66028762754081 10.0496898318316
7.15904501613751 8.40279349310213 8.28647976603142 8.48690397844386 5.81780774994293 13.3737741871115 8.63361981174005 10.885483912525 8.40965080296047 7.88257875871566
8.99451101902607 8.25323715126268 9.27831825713504 9.50313049795954 8.33530667426636 10.4123063599894 8.84475117490791 10.553538531264 8.84776934066072 11.2792805564421
12.7067044774211 8.92550728902298 9.90747763088051 9.96926257314421 8.531968290207 14.9680001188445 9.02976957114218 10.4606122155573 7.36456386111229 13.1917913070565
7.6803971472512 6.84975808137553 8.37106344158863 8.69492893460109 6.83113640668229 11.1382730592917 9.59919865987447 10.642162113279 8.70136260848039 9.51121465427752
7.12305194607305 6.27844918555546 7.65994319207351 8.38082698389736 6.6012248265516 10.3565424395824 8.78366649632745 9.03569188733154 7.00342301110031 10.300931080823
7.88278910806432 6.71639378111909 8.56840129449724 8.399664463244 8.40509651563812 8.39164889509828 8.80723779199723 10.308231383786 9.95178672180946 12.8328853605367
6.35915985977118 10.0168891228335 8.14402917729709 7.89093154025101 9.03144554674781 9.83912208165885 9.79343479726555 9.80148595600384 9.39597769175768 9.6142699041642
7.48492873873417 7.87047052516765 9.58340525972311 8.42221880657815 7.92004181358769 14.2846526454154 9.98787517023827 8.27879759402317 10.0289855448093 8.40966025958992
8.06286329690426 7.71087687188204 10.111272886712 9.28483070987778 8.39668362419938 7.37541715241283 8.24365458947526 8.92148123206315 6.82151947738492 9.16136023995538
9.20736218975658 8.36046284703477 10.1410864866387 9.14888680179557 8.00821975866373 11.7754057127635 9.63715637285236 8.7809196153526 9.28737182003334 9.70997009703848
6.45344110953638 9.0217381737474 9.17599114989838 8.33402797402781 7.70599251330325 8.00714225328984 7.91678784312352 9.64187146052652 7.75239474376859 1.39781464268323
8.14290640842518 7.66893631011277 8.84778179828386 9.02976440774147 9.21864782332949 10.9547340339427 8.45154157290974 10.337232243305 9.9165245982203 12.1027864159847
9.1847092659024 9.2641030745465 8.87439932802739 8.4347362045708 6.5548152239559 9.59729137722723 9.35652472624212 9.3126872788083 10.5641995037888 10.5127371442084
8.71022635341201 6.37279510165869 9.66205689454288 8.84132231899398 9.23037662078769 7.34985189635386 6.83408009635734 7.82964608918797 9.028188995825 10.0255694115776
5.98835107981921 9.35911792001694 8.88349985734682 8.62530593768593 7.33989712197524 9.50825161114232 8.24907416711414 9.74134896348979 7.93396438660525 7.58983980437671
7.88150206612174 8.14419269770788 9.40740983679158 8.81072995726231 8.49207561036301 10.0591710874243 7.81162702084499 10.1316082413779 10.0306603309435 8.82454017681349
8.06079828167058 8.84005456514117 9.37510590389243 8.06139233558523 8.54004546436398 9.44852032066473 7.4036604501535 10.3086016945865 8.67639331502506 8.53087764423427
6.46222176097474 7.5337679243497 9.35903658992952 7.37679630850919 11.5051526567238 10.1928069157444 9.72219462945691 9.96178311273124 7.28036885149221 10.7234091756036
7.95502840422187 8.48293240724215 9.4487972108928 8.9511719856518 8.34487859572141 8.29931985141103 7.74667533169044 9.8832526096184 8.3755507472592 9.45927569939609
9.2941971031725 8.72503656077179 9.16197142685467 8.13926103407772 7.33961097294683 6.37604116629383 8.0493693365082 7.48696651272694 9.91779705978182 15.4995013636704
7.22580724896723 7.31108130826768 8.3917278244535 8.09220496497873 8.99872124147021 6.80832790352069 8.25628314364078 9.31484317602794 9.02269919866052 6.96947308373761
6.48621155920828 8.09565947921712 8.1668774956105 8.5577397070511 8.08766496524411 7.49791236090879 6.2688272055399 8.97940521005489 7.56440926522767 6.33083674366543
5.89357742377721 6.95116861115423 7.49431332442651 6.84916517140464 7.99734735172065 12.8313795113007 10.3655259689714 11.0735610167222 8.1008590969685 9.05084309629121
7.75889966664139 8.06449813479058 8.64792741733611 8.96542692470956 7.70730651100641 9.39024107548672 8.15889820520604 8.51768026734567 8.06084125166689 11.1419431482314
8.86102317229696 10.1458607663244 9.11345510667938 9.00132132482728 10.3378903598969 12.0195301878646 9.1559030246964 10.3241320588617 8.16599781274998 11.3367442115361
6.42253423402928 6.22579119858793 8.72432166810079 9.29120056475016 7.80524028392616 12.4101222269164 8.82458067678763 9.86898376416812 8.90030438560554 10.4453993764759
9.78164552769913 7.37268729928693 8.93668143015699 9.29790531088229 9.85369289098824 11.5648380669485 7.44285284543442 10.8455841883295 9.00316737859704 7.60537151297201
8.06774855909326 8.40790049523833 9.45403991719223 9.55708627183539 10.2797772473517 9.36573033519186 7.34312091333083 9.2612437826143 8.03932105821272 8.71145744147451
10.1221573814791 8.30524244891832 10.0666211680392 9.26038050579491 10.1327446262766 7.97771486564476 8.89565924389433 9.06522331455347 7.14939035745054 8.60871878488164
9.11624141495066 8.04720733098581 9.52940334795095 8.97625282822571 6.80449751151592 11.3579837920917 9.0491865030775 9.56883288807337 8.34620158388818 8.2890429489288
8.00553327396998 8.29362107672613 8.22089009557941 8.27966700920654 10.9537928596076 7.27223885581148 8.96143389820638 8.21533943224355 10.1671832594574 7.96304016115784
8.43408155175958 7.79966620883007 8.79419774476289 9.10731448345745 9.02416129802071 6.80802195817711 7.18963106622698 7.47172254330016 7.4273581622879 11.839092417636
7.5416133559539 8.16236486799292 9.1622582578793 8.85041654298967 9.29985530340292 8.55173488259088 8.53015577958982 10.1545389217758 9.68772777971407 6.1534737187827
8.62565110613612 6.08692472259129 8.90631879516416 8.34155968344982 10.3626638082196 7.29236230359665 7.12813915882708 10.6462339124684 9.29928935431793 8.79099241013426
9.48721326678484 7.01157666352203 9.95110217712579 9.68377819760779 10.4202244937004 9.22528495520696 9.58476341296243 11.4427737394849 8.54487280276697 9.35405858891492
8.02984699854122 7.48019581341028 8.34978448733879 8.59590375762302 7.46393233537029 12.7619565004805 8.04492048493811 8.44662539816351 7.72788854199232 11.4002759730103
8.53353669142322 7.07238276642356 9.95227751380651 8.90397594622514 11.0333592439366 10.2554684485286 7.23848350271857 8.14010801462146 8.93530038160404 8.60996337197938
9.38536222380744 6.88851761677166 9.47235014545674 9.17663589069054 7.71173657132708 8.91523836661328 7.4507044241798 8.31458735988572 8.18048232260563 12.5246258063738
8.5954588203584 6.94425268067126 9.5765796992753 9.33870506458044 5.65673431463988 7.051536667992 7.08959026028013 10.1714900757026 8.85114067023787 14.246729566985
7.38926701290123 7.99537170071951 8.54121981553124 8.80056168866333 8.35202426930446 9.48876097733965 8.56126624599513 9.89606489980835 10.4643607915637 10.0049665257929
12.9203773678044 10.7928970412085 10.8626189110533 9.86901517403456 8.03403219505145 3.02028023939784 7.81877333709088 8.67561116739735 9.65016257457034 10.6253277576864
7.44119532166637 8.95247842604283 9.01758666591536 8.39506087748225 6.46679949846364 7.28174921476135 8.45905216299007 8.93699804087714 7.76028256509327 4.12048277787601
8.22930337790286 9.23826113298811 9.99787254656306 9.13077626385896 5.2095498498594 11.671141927489 8.78235000743437 10.1697932753262 8.44892805075906 9.55326459597728
9.09418123913351 9.03828777537685 8.46234796139869 8.88391085573557 6.58642717377804 8.32897069116676 8.95555394941686 9.61079717443697 10.5229581258239 9.80879612840494
9.69561122503337 10.1217432692282 9.43556580633873 9.01930687909185 7.21822375313119 9.03957213273436 8.07187033700574 11.5872434765083 8.69594009567724 8.38526179232889
9.50452913976324 9.55547309142706 9.3547402928049 9.90704788333003 8.18204829602475 6.30524726075548 7.15309785210904 7.78033985844183 8.36930711267806 9.5526607906987
10.0869420002768 8.19336866531199 10.0633003725167 8.41779652666723 8.52311184221746 10.0488980933784 8.15395501462902 9.68220646455214 9.63601487702004 11.9953258316089
9.55138174687957 7.92644943451704 9.23267630640107 8.67556079416785 5.70170323908054 7.32516747870437 7.7341032162442 9.02531557980754 9.88777139258858 10.1060097707739
7.06086474950589 7.35598368950506 8.34346920606098 7.75374725955207 5.80201284293896 8.48356459632237 8.05664938360993 9.10878400459355 9.33305953072637 8.72989403998049
8.36173422666256 7.33625911897507 8.09537509429673 8.0811127373629 9.6162671611322 9.43494482994231 7.0257466279001 9.10201393435757 9.80930790362914 5.11631171622882
8.60418600382264 7.71253403077393 9.35338885069607 9.34122550870979 9.58957478012992 10.7779398621483 7.19648629699456 9.6089616830803 8.0136064168852 10.3733429580275
9.10406588228837 8.12050671834047 9.59048682384125 10.4625086015886 7.89167019135943 14.3964772433694 8.49094221389218 10.4964325462859 9.84141608492787 8.18590072263316
9.41151653414321 9.40355982971371 9.43880642504716 8.52509798681768 8.91866023114848 3.66635867843038 8.69730472070385 8.8185465140478 7.08988540510983 10.1590029603821
8.64100905759055 7.76308291869152 9.46881729589404 8.59962427494996 10.6270761272191 10.5499585643736 8.82808353438291 9.26947352115068 9.97119641544569 6.90937146115213
9.12475753505896 8.0425198425009 9.64847509214629 9.12767987610589 8.64043038169866 9.86499299998078 8.20198113812788 9.13852195331459 8.62237859940508 10.377407809982
9.79658659724838 8.93432918412158 9.10366858967263 9.43065147003514 8.01053610618371 15.3102293691944 7.94080026550657 10.6727248057387 9.52021961837807 7.01868960624194
7.76260697253404 6.72755351537171 8.70232000547261 8.5168518419448 8.09226600991773 12.7583255068057 9.22202196267092 10.5396263720745 10.5137875776827 11.9027725339103
6.61747572041076 8.91841806510335 8.27379293388216 8.95608671380378 7.97762250016295 5.31538294692034 8.12830434235267 9.3896041383052 9.20723416017185 6.05232127439678
10.3998952401572 8.45501771941009 9.82400812542941 9.7122345163763 8.38749185638018 10.0429706678162 7.0307860014395 8.12235916128114 8.84810074780125 7.60645420334588
6.7077833113798 8.16045818060283 9.75034438572003 8.68872862483846 6.93747975277409 7.94291890423738 8.23941543885221 9.4380608726552 8.64337404955711 9.60535859714351
7.3489039309177 8.3903344943959 8.3644193983973 7.44521524810916 8.91807291004087 13.9525509263428 8.71937405768627 11.3727196452458 9.09886596347562 7.79338606333684
8.67329535238891 7.49154920095665 8.68957647297225 8.69846625143445 9.38181476148783 10.3456008025813 8.00736382758338 10.0329791324099 8.06228032353561 7.58309877358567
9.42909467663354 7.67009931716825 8.25222583554352 8.71228937565689 5.73735582871854 13.4971355779277 9.13373339481202 10.7805136927896 8.61037647327255 13.2742150691182
8.14761601303226 7.85854400382432 8.87758603775629 9.17588823120743 7.78801595468438 10.4121925940351 7.69731543746192 9.38479781470931 8.94742589630362 9.4071332583142
9.43403740071547 8.12547331254892 9.09113425075749 9.69594827993185 8.28647789325413 4.13213486595849 7.61430248270262 10.1360888871386 7.63804990671949 9.94747582442224
8.66994714206881 6.09120274676363 9.74631770398673 8.86123695735601 9.50014921306229 5.79340233277885 6.4378238890947 8.17805268393239 7.72631677006805 7.36545069900157
7.43270590276876 7.32882155188514 8.14753237986969 8.12136125961438 9.17501957663066 9.47531492425841 7.70506732931811 10.8610339364971 9.79652414676741 9.41162437065577
8.42056841729131 7.63433678275608 9.15732791313179 8.87199962229559 9.98917879217011 10.5483900180076 8.55261068394034 11.5258021616418 9.39552822803689 8.24294110603005
7.61523268689183 7.02161574242512 8.40850976659344 8.07880628393588 7.78840797668509 7.41221556956462 7.06853777909884 10.8672617532614 8.57300115787373 10.6241244948054
7.33100454573333 9.4233995641575 8.79024130484751 7.25331442013928 9.58315228905457 7.64281635686799 7.54523242608038 8.12464471997519 9.14466491863488 11.9990369495537
6.65314908002074 8.12298030565208 8.71858235645887 7.51660657061911 7.69838915935698 5.00386665632805 8.6319379119579 8.23161838493466 9.40908929396801 11.378769724876
8.08416235099023 9.10011621138242 9.48308939318773 8.75768283961478 8.72128917259757 8.84280400579833 9.95801069959599 10.3954741449126 8.17640747750611 10.4850859680656
7.80115590291151 7.85741556946155 8.37619776413469 7.91118531185114 7.70596583133874 12.3243978956607 8.1715479693506 10.2454872970737 10.1055510254912 6.02199176198875
7.32141785527338 13.0283 9.05144469009908 8.44865560781946 9.52455444968274 8.91612724390633 8.36177236970588 8.83709452383693 10.4943680516563 8.4019238313864
8.36336196821856 8.05739324587297 9.61989537105362 8.78418317704384 8.02137557135829 6.46896338721085 7.4521493056942 8.54119696532323 8.14907046810492 9.38332600770762
7.03628007535487 7.49850124790182 8.34612573717484 9.33699387574812 6.76245395333262 7.22917685360246 8.80605834076145 7.5854626435561 9.34093824549535 10.1972479412588
7.18630720741164 8.19572605959736 9.188200084465 8.2871057634019 7.77330345392178 10.5107449730007 8.21671210052459 10.1737485296225 9.36548010070471 8.64537347800382
6.64278818031846 6.59769701028721 8.29423278026617 8.40862801004122 8.09982422879428 10.4266700827332 8.13554299175157 10.0521463830902 7.67758640221162 11.0188362183718
8.00980085997605 9.25473499440561 9.04561915063603 9.14348998517666 8.08976120627844 9.42904527423203 7.10996827232869 10.1800871210687 9.01520784627977 11.4213970957982
6.47843390595275 10.1647794001312 7.53553695718959 7.98737243095532 6.70201925722595 10.8947919459066 8.84664548989501 10.8185699578824 9.01777602326117 7.25086843017358
8.70866131994145 9.06202689108007 9.1536212666625 10.1246080976066 7.61186811940537 5.80978783980582 7.07530109839193 10.3684510796562 7.64314929362699 10.8111213250921
8.42197822974726 6.83835305521747 9.79093369395339 9.20736513860134 11.2334319656905 13.5335005904002 10.1726092505304 9.78806950288411 8.29196081087893 12.3067326130099
8.80864483963403 7.49954915678399 8.90567130344772 7.89726497307483 8.01587400767686 8.90378770821072 9.28778415245456 7.04261868581645 8.23026295915403 4.15147550594423
9.59368691225615 8.31382019082527 10.6744182892655 9.32170162010373 8.69551058563041 10.5036088050849 9.62969344361485 8.71592619339733 8.38451135571569 8.4683933272201
7.55754485116322 9.01750428978432 9.22066612221442 8.95595056598695 8.58159410416719 10.1439072851439 8.23638499306025 9.21816600759336 8.95926698264116 10.6684492018047
7.90595895983764 7.1077055478355 10.1713358555222 9.31110425015096 7.81075349971355 12.2236543624691 7.91225799304459 10.445603216585 8.08494942997423 11.9987571257037
8.89241764518205 10.0135175672766 9.19775763827241 8.7798018632251 7.67508814091947 6.56672468816496 7.37077095295497 9.41594592597057 9.23597908971885 10.1472307895183
8.87057475611524 7.59103042837566 9.32160624218453 8.88123732302091 8.23397335302623 13.880973486186 9.33501580187145 10.3364609342444 10.5779332558774 12.3722450393042
7.89406911256465 7.51790466882248 8.16474172412946 8.2548951662066 8.09724355622247 7.50209365440468 9.05585874448359 9.59127543799212 11.0332955701391 9.19559779491017
7.59103440663929 8.05570122982138 6.84584487593265 7.12190322653086 9.93848346328147 8.85391493114252 7.75122411693614 9.97838877836369 9.35436839610336 8.4279183637528
7.78394803978991 7.39565846535904 8.05344011490471 8.78470316039172 5.64766108212068 10.9113593325656 8.1313330856362 10.462370555321 7.83548619872238 8.62249036747227
7.54351189366817 7.93685017432984 8.37048826182996 9.26185865315233 8.96481416983923 6.15511933826994 8.52555355625921 10.3693988599501 8.54348062927309 7.46905610363722
8.85030026081765 7.08037333236982 9.07505356599757 8.79556518582253 8.16633639447455 8.11663559259874 7.96944852749649 8.55689556396709 9.68648871919251 9.4625279575902
7.87261390585602 8.71853556253308 8.6426878544904 8.29372798536546 7.04247270701237 8.5942989175591 7.23849283808624 8.47833671937537 7.07595124408008 8.43086621373408
8.22333875344882 7.83398965749502 8.67015961815839 8.43324164703052 10.7542786544544 8.73244397183299 9.62947672997503 9.65840755541979 8.42183508009669 12.2794614785591
6.3520489205386 8.04124503847448 7.57039824493341 8.01158370893292 6.79482223819292 11.1239553580268 7.92422912564024 9.65165997022027 11.0973190379663 11.1684699852563
6.72144122433866 8.64863079617971 8.09017763316469 8.04417869708215 8.27829312669866 10.6961486077227 8.48246826221725 9.10793710481913 8.18788950322947 14.7202243129652
10.4195473346004 8.8944014317343 10.4845318904263 10.7032849649502 7.29304492586629 9.61096879981481 8.51106052203224 9.20671207311652 8.30798365359627 6.78454311217653
7.48987150000819 7.85018486338382 7.92680456213523 8.46858282074942 9.38829447940186 11.9025894289448 7.9393313304793 10.6684698331593 10.3683990397656 7.17134063200069
8.73293631714859 9.21763053891643 8.31921607747223 8.75260870180217 7.82836627887339 5.66554979063618 6.35401052909375 10.7700679181183 8.76892721525949 9.87111218633721
7.66396199663211 8.00646633085239 8.50429940876476 8.59812795485865 7.62493276087348 13.7092905291811 8.54119106799506 8.83600980225551 9.03384222932531 6.17008745811548
7.85500505421008 7.8589806338994 8.60029142018588 8.2495032459261 6.40259988056757 3.50896422268583 7.94438478337038 7.90421462621864 6.61485317750125 7.80993177142431
6.5864243411817 8.2657681820778 8.11536236623037 7.85446017113076 8.9420968290819 7.01217147276585 7.32047319997206 9.39988305892952 8.74650479595211 10.9541660866879
6.86375823860207 8.05030030571217 9.85886119019559 9.12909918607879 7.86842424547109 6.06046256630803 7.5370622589117 9.67886874424392 8.24646501823544 10.3773059906767
9.54920893854707 6.5645674040523 10.2692793816695 9.3735525716708 8.06822476693752 11.2235902767562 7.34154483185318 8.39386111534223 9.19859932870954 11.0307316589026
6.81168930975919 8.25024998468251 9.30977462713453 8.59359315482217 8.01920032641326 7.9954171864812 7.72655977941384 9.48759956227203 9.38816544010878 10.3915918615261
6.67335331438781 6.95875278143876 8.56071426972269 8.72323241233669 8.37993484736963 8.92730475963895 8.28324931370316 9.46879410734237 9.19981780032393 5.63967179147865
7.22134556048398 6.93429785870163 8.95440373772425 7.5979132204696 9.58889449574366 9.85769407326095 8.54879879967335 10.8142852111162 8.97938986730719 8.85252318482429
7.47577151908375 7.78819640193567 7.90595439721787 8.76166887056079 7.23677224529469 5.21557740427144 6.40826921265628 8.25456488473304 10.210654755729 8.56936770669436
6.69257823294572 8.89198045594109 7.83142260073147 8.97278268049206 7.13248924084248 8.23411463430369 8.38190431281614 10.628106143955 9.76126503714939 9.27362584393946
6.69728705623601 8.91054016854799 7.37632357574731 7.22187346390895 8.48594692295289 8.85758210139016 9.99326069432866 10.0319835915677 8.53584102783474 4.14051410082748
7.67681500549013 8.29009871192728 9.33148784459529 8.38831477234501 6.37123404983907 11.968939235004 7.24109994991221 7.80240184262016 9.89183482169429 10.5666828049962
7.37063709197605 6.25977520989086 8.89549541698571 7.69043822985126 7.73517929193919 11.2174429347645 10.049679791875 8.96614567756427 9.79160773916147 9.36669712497007
9.60272850765499 8.66198701855745 10.0871584156788 9.1677581534959 7.31631628369495 9.48421396322667 8.63002036996555 8.32308084856762 7.83126894733051 13.1667904065265
6.58434568310059 6.84187482254967 8.63807069712734 7.84599116569597 6.9229736963026 10.9627969411349 8.56425101033737 9.12331176111888 8.82934468021072 7.61553596462331
5.96058289621788 9.39571177983483 7.7447993329257 8.27765512488394 9.54428640557085 7.12528604135199 6.86622510500896 10.8464783416394 8.98852607612731 10.8865174786072
8.02572507472023 8.14481253158916 8.70712187562148 9.03009451825418 8.03603768100539 8.47950380635895 7.63981850323577 11.1467837415569 7.72414883946459 5.48457358648816
10.7880407934378 9.71822668596652 9.48078132070059 9.16823198857521 6.05329070825544 12.0068878010738 8.7858385050398 9.78271644229815 8.87411733500109 11.1407903999846
6.45380174165806 9.75416867301318 8.60476628055931 8.50904282302236 7.82276525923386 7.742475422069 8.57309817653206 10.7598017296117 9.00698301712287 6.59013085001646
7.94059402866779 8.07986996589413 8.83284483996654 8.68956400018694 7.06484847514096 10.6824666172121 8.15363244723558 10.7607969538106 7.47796767719557 7.7343886894912
9.16349863781726 7.82416950986706 9.7066968037523 8.68846015594031 8.93353364345841 8.89506574624443 8.28955447089683 9.48513685601181 8.99991663589127 7.50450920939458
7.89262008762712 8.71975686347858 8.89466240193627 8.4942423173622 8.30545910052759 11.0208808396016 8.5399365562897 10.1194374688599 10.2403998928437 6.13610802898004
8.3198874897907 8.73724542253543 8.3497458027799 8.35663057204643 6.84678162944345 8.08441460954795 7.35798345286927 7.97091409389649 10.3478556281418 6.08652223338237
7.49379775687155 7.78669037935835 8.43792924926787 8.98850305264953 9.53496189646993 10.964434805501 7.02308074951742 10.3271975336144 8.46606234591403 8.65582279429334
6.87073060519419 8.11864561170102 8.72981862486249 7.59749443471987 7.73887736859829 7.3792682788399 8.46103021647134 9.87623330161332 8.37411694683401 12.7634609497394
10.2945178217866 8.98393473615295 8.1938177906609 9.04925122373294 8.29567748931753 10.1165762811186 7.87423594559536 8.97301189358837 9.64272322683585 9.99910409195534
9.51222201276759 7.8536781417746 10.2474556087258 10.1450579078725 7.63170243635545 11.8187548252646 10.6056767067664 9.54911130738226 9.53068496387997 7.9106887639559
9.00092362655843 7.7912962154435 8.46262965983352 9.50882758744523 9.32059035785721 9.09563513870559 6.93339855942032 10.2799694004798 10.1150010171749 9.64048668045525
11.2320007793758 8.96869717093863 10.2304473314994 11.1931950452858 8.19850830379269 9.89125678470831 6.06212001644598 10.258468337161 8.80068676590589 9.99381489444477
6.54104108478678 9.07556937574217 8.85536314270588 7.95507699594721 6.50164841151853 9.65169587961559 6.21092623085653 7.98990983429763 9.846844387852 7.03744618997401
7.74233988204852 8.00972939783237 8.94339376688913 9.32873235061126 7.96758599462509 9.88661293746601 9.72287932545936 9.46069269548094 8.8895126993857 11.6511720356818
6.64794942667266 7.62839726679883 8.79176055915465 8.35095364641675 8.50631372794525 10.5225389550391 12.94532 11.0171264800016 7.72256587373935 11.5632246904136
5.66505608573 8.53406384224055 8.26964009895467 7.73136412832796 9.44097498145135 8.02272036748073 6.61581081854004 9.95223413790977 8.48076258117293 9.74686470498849
8.067777295218 8.66613542526606 9.21344722182104 8.93770464371597 9.00303362254096 14.0793304992211 9.03319833438809 11.4189368143304 9.41014104305968 7.18746881727118
7.37750229661795 7.21192226080901 8.95858249404497 8.83797753417507 8.85254479068643 5.05770670808001 6.85677988329257 10.1355583519509 7.96685421123987 8.9629642766357
6.57979714922195 10.0534330747774 8.67463966890953 7.12667975366101 4.95868890675607 8.47799181040379 7.28569996504808 9.11475838018394 9.33077166916733 8.80396552721245
8.8863063051042 8.29230074738582 8.57963514788045 8.47065238981074 6.37795734237113 4.60073522228714 8.26771366934883 8.20447925962181 7.66806213587624 7.59962793172758
8.6854312711254 6.9946827197907 9.22986552716157 8.49348744267803 6.45985197066224 5.58113116094002 8.71396631953833 9.87103692459663 9.81207740354935 9.32510202938074
9.6790156644283 9.76684361631117 9.22550083188254 8.64197133017363 9.70574768027398 11.6661962008937 9.16506875017662 9.81244271603171 10.3457523709094 6.45676045611158
6.68550630136971 9.45313473097877 8.31349638926195 8.8585614272846 8.34101817981031 8.31845929051827 10.25820490087 10.8483093709282 9.64666518206164 12.1802422047532
8.72132652719299 7.708022103485 9.57122805717956 8.56749068805165 8.98427287293505 7.63509894592122 6.85356819421164 8.74577841199113 9.3776544239841 7.93672058387492
9.0046330597878 8.11303463518309 9.67828021355423 9.79497842902204 6.20719151221507 9.25490491920853 7.17090903843789 9.03008987419028 9.58913544561275 9.12081469233894
7.9469376607639 8.27349642375662 9.03648343769403 8.92270606269997 9.49111235859742 10.1147391029084 9.31823912037345 9.47973521362723 9.4740300805459 11.9180977551742
9.46356471836114 8.8065773321381 9.40211432822934 9.02018733701692 8.50099665773357 11.6704652599512 7.02704887475139 9.5558359367616 10.4157618106547 10.5930793913286
8.04958139165906 7.12584092953088 9.21781607755426 8.94989090305671 8.61576229124103 8.23449047522862 7.7574578629738 10.6807986293829 9.74128277935375 9.11123114016392
7.38595429806704 7.55610724958975 8.89277396323659 8.40678733044687 6.41920851295539 11.1790126762281 9.1551654838709 9.85715127219833 11.14495833131 11.8965995315756
8.82855988829179 7.70358712677697 9.43413907325237 8.81633729307208 6.76868311161366 6.74813738310512 8.36486352150404 7.68095031378157 7.92871160265832 10.2916915354762
7.02011915983329 7.51866923170782 7.31052658893878 7.98304358540033 5.9895989215837 7.84882307512809 7.32737743527509 10.477614555346 9.23004965568201 8.02246551552854
7.04803128515992 7.42793534157761 7.65283429981465 8.22076202313083 9.11676049578736 11.6036952284765 10.1490880981584 8.86945962590334 7.42780781749165 8.78746700396299
7.25018904414899 7.56769756145544 8.61053414109774 9.22199517064469 9.66666043858207 9.38132270695512 8.14413229900804 9.56440808635647 9.56317321083746 8.48994985616697
7.86318481501977 6.84296308478864 9.60714621820106 8.4469238834519 8.90496988265435 12.0101465520661 9.49829037873948 9.00755636838673 8.8199024473784 11.8887175494448
8.4184577180332 7.98640049802674 8.74913850069025 8.86835513629734 5.68372802020575 11.9464817573074 11.0767238599871 10.3112627801685 10.6881918785096 9.77474117657734
9.87739771242208 8.28268688281117 10.2202662593498 9.96262164209489 9.08968182388927 11.8147097081864 9.48222800503715 11.467069568703 11.1996128852926 11.8275647224261
9.7427748016825 6.83891348172635 9.41004011579958 9.70637247718506 9.55216064920668 12.5288059588877 9.80547380566223 11.2756395708319 9.24373912401276 8.4268605905988
9.95045293512623 9.7006611503821 10.2981374639035 9.03903494302312 10.2722073255975 11.8019694984896 8.40727141203804 9.76953441238323 8.18624517879779 8.81579952461653
7.09676413939891 8.52030592363661 8.18085633381841 8.1040149580993 9.15665189385027 12.3275552994162 10.5643874598694 9.87430013993128 7.9984735002179 6.79175850150017
6.77268492759396 7.89806593862619 7.69998552191966 9.48769508974992 8.32684348297158 6.20822783411039 8.05424395395108 8.69889318681376 9.61110412421868 12.6463366745912
7.82211469035913 8.78681402718606 8.79196823344268 8.13279931594405 8.97144377612846 6.80206816762129 8.70602765498543 8.15251613520078 9.23562031848912 10.5293023635734
7.27889208345665 8.17799815818999 7.86996493066534 7.75431709482356 9.23969258699549 8.86500049794224 6.08649151343647 10.9220120446352 9.00748833258893 9.62434641571125
6.96531933895908 8.13756720672423 8.65426470579669 7.97089497788594 9.66467317292629 14.4313492334255 8.89844932174527 9.63856975059014 9.47857165946529 8.57833406456182
7.78873802493816 7.37139093445918 9.05235744331087 10.0096227665989 8.10484766239984 8.59862875110834 8.01722713839693 8.94808486359545 10.1326877206326 10.1832520419047
10.9718686579109 7.10452760217078 10.0990600985911 9.36510387349313 8.57992799148659 8.77758936465763 7.06507910626573 10.6282333692441 8.1102002334744 10.4850694471462
5.73317503206031 9.4664774495939 6.87165036527092 7.80421312300223 6.91138559757133 8.30130195467733 9.06631460444479 10.2646637028507 9.11524237021247 10.390218542357
8.81883202892226 7.80118781863583 9.87589567601387 8.92802141203643 8.10351548614843 13.0580506714754 7.72734821172539 11.3469880588992 9.36520261148692 6.36087084160529
7.94815388868645 8.22423641382106 8.88300084994676 7.69661141137556 7.48701497051161 11.3982761520517 8.88838817776179 9.4710858619337 9.15955067977725 8.14839792996293
10.7359766859567 10.6587812023351 9.2714907598152 9.10637628750147 10.4468890243425 11.8976159451842 9.24467337256973 10.078730460598 9.1577124517288 11.2932003967856
7.98183275925026 9.2336632025771 8.5370268008629 8.73730186296416 6.61193029325914 5.96417285714419 9.5031586016171 8.79392211697861 7.36565753244252 8.8468953526158
10.3146020515917 8.21396268661177 9.82167543538404 9.19061777449969 7.51350072905097 11.1789856070837 7.94497925096447 10.1697030848373 8.69810177129769 7.06342924577806
9.87521279741006 8.37824306278653 10.1404844736048 9.21930018061116 10.582430044301 10.2777618798712 7.39668146673784 9.67499624207611 9.50541871834614 5.64865231878412
9.84595582802056 8.27228155053882 10.2388267887697 10.4694857835754 7.91873191134546 9.98859572827684 7.75826916179257 10.7215477819164 9.66895785817099 7.98470648377777
7.74512764847837 6.37704245739021 9.1167094948921 8.87277825645629 5.85178228100151 10.4924605372675 8.69797098314688 8.82950687447339 8.91196884959185 11.0079144287654
9.14785030937591 8.51572522388777 10.2551068300704 8.65026440242426 9.32286150846677 11.7098412836581 8.5336798147895 10.7656064666665 9.57910388488182 9.42152468630147
8.75826388536873 8.51812032131433 9.82951085508461 8.93926606891184 8.18751481377493 11.8041733906969 8.50791792893865 9.08158753715818 10.3884300948216 8.40516612244438
8.15892092704739 7.93408267941039 8.8696503995035 9.63938735679445 6.91193458194224 7.71532778716502 8.47907784415494 9.79269746948309 9.54852778739857 8.96050047625171
7.99288621811387 7.91038594315901 9.5511142321679 8.70742420184979 6.97243730216238 9.52748919621536 9.21249891611591 8.68212030703216 9.09605906619457 11.0800525603955
7.31568954589656 6.156234040008 8.96174310635631 8.99823384289467 7.74249931281489 13.0841697833584 8.75795529437687 9.74427584270776 8.65537196737855 8.33654561615244
9.03851217048765 8.29151278888599 9.83270628584826 8.81962998047706 7.47950861059921 9.59607077860164 8.18665422770417 9.3380528000865 8.32134168419746 8.56113171665858
8.64202796006889 9.52524318083245 9.82151270158425 9.14529871147551 7.85435569877863 8.27248192090279 8.54639018467562 10.3392999497408 8.90571723750978 11.0956069115182
9.59363557350631 8.94729699121068 9.46529247182448 8.45207526046999 8.06702932248997 10.2834203872936 7.55425702701625 8.10568227748084 10.1697970987981 13.2439515579539
9.10895417951509 8.55932948669015 10.2494268823028 8.83265063456723 9.87058642429501 11.5302330514509 6.55398294199373 8.65246237713668 9.82568833826188 9.35131845380702
8.06828506792405 8.382320506325 8.03310810361864 9.30321277615642 7.12119261268574 11.4184919745057 8.66385254682704 9.27697569651927 8.20599675265213 8.52295982373021
5.72691689312154 7.11807436701421 7.44073711585901 7.49111610361927 8.5218562720409 9.88390335637538 8.46486819482559 9.80994361212712 10.7112628148168 9.99962008699229
8.7022168895221 8.27981237906447 9.36421705355755 8.60794841839154 7.88988504569228 11.6698862999868 8.6628410096719 9.89213098583017 9.11345865006993 9.32435889811674
7.04980560365142 6.76760500668787 7.9546614097884 7.38927866012463 7.43044198249171 10.6995720855913 6.30900591484602 9.72904057018867 6.86903695017158 11.8144855733775
10.3775645477311 8.06927855028918 11.5428346200505 9.88170744498129 8.02826061711677 8.2425193677656 8.92580821068476 7.55578189054413 8.51159605011721 12.5399035504054
6.92608336902479 8.55235170915568 9.35427023985184 9.34482605696545 5.84677469498595 7.29304120184279 7.79118710992983 8.25288801486971 7.9110767447345 8.00287020735649
8.97940394021643 7.77974741177786 9.9691827086877 8.93449191090692 6.33988743650858 12.7731840302359 10.1975852389534 10.3536243454032 8.44111896769791 7.55541549286221
7.53358510445422 8.31910299511852 8.04529101823692 9.17356082627628 8.69581162160089 9.20356120992607 7.07340041998487 9.25913004400462 8.40994049591353 10.7578774000245
8.52911432599922 9.36713676601223 9.1585468295352 9.32540902875879 5.15908283659786 12.7995910612017 8.47683148807549 10.9314868156318 8.69662160691333 10.8346238934544
7.87838029764561 8.8188705659361 8.25820642481209 8.99122121853273 6.58697221517723 7.83451285128158 10.3612764294065 9.20778242242395 9.43031004419885 5.04511326499823
6.36552091972869 7.60683162412547 8.73278738577461 8.10767627180544 8.89728837395462 12.0777789442214 8.10370044222832 11.7801944328517 9.87396216519333 11.2008897724782
9.00059170619661 8.31987724485063 8.65256318454746 8.98784144900619 9.45635914090465 12.9616201523693 8.82835873532901 9.63794200456977 8.71339529079534 12.7285810808558
10.3117603907482 7.69171310657706 9.4285311166561 8.87853340864977 9.8149489748776 15.7019667759897 7.61915183389513 10.675272744416 10.2057283631444 9.95573961744083
7.57774775379083 8.9308570995669 9.71784108000835 8.98801637971654 7.60882470811088 8.6259580939574 7.43097775508231 9.7658378538699 9.32511695418387 10.9191516161928
10.5573516200951 9.36340491376928 9.66600300082765 9.25543501688264 7.10974087473051 9.27020383459878 8.40182124485798 11.2704755756609 9.94041889698228 13.9807593695292
7.4873847396502 7.82657406141578 8.05811757772773 8.37234229550098 8.91053534093258 8.51842191275461 9.19187582464385 9.28398131473159 7.75451725409886 10.7020086446509
6.84039860006808 7.46905061739659 8.27761174748593 8.44650731207413 9.46210011662066 13.0451190136851 8.45626037615861 9.34497970459408 10.2367819505365 10.496092531943
8.27622498019866 6.92485595213949 9.29318065876147 8.64888909804464 8.50557681137705 7.09533534692018 8.21092398034564 10.0750393317901 7.86795800077044 11.0557419606533
7.92249020563849 8.64356477552746 9.39001353703006 8.88705049894915 9.34086871507749 13.0805174360553 7.19203020643885 9.20317279721515 10.5009896502217 5.15267700290568
9.71127513951997 9.49007142055499 9.02501646167667 9.15047349330945 9.32952757373817 8.04518643944684 7.9462884563963 9.81750759667946 9.3627088158023 11.7553085222655
5.7602444978444 9.17605060587215 8.57707705276121 8.04017678968942 10.475375223168 12.1401070445446 7.71702643814586 9.32443340792398 7.80180813381303 11.3190908812782
8.90817469394296 7.66861597278495 9.85573889065614 9.58374276192417 7.84155278788933 4.60867314734685 7.86867361101262 8.60050281072312 7.13014496415742 8.29618632225532
7.91677820554018 7.65177305440701 8.78429930092326 8.05159299348349 7.61802690051453 9.0969946801438 6.959747542562 9.14920248470922 8.30784623791869 11.7781372617207
10.3154023350434 8.95553071878133 9.06900580977576 8.76417885525199 6.44115351151843 12.3874940953777 6.71450666552262 8.84175051847244 9.355550946573 6.50418397672543
5.0786869248581 8.30556226163725 8.86961717047111 8.32119364033418 10.5857604930476 8.97289872977055 7.37995777043639 9.26323560592828 8.75405509114608 8.34544251324375
7.35917903126014 8.31967105097139 8.62543327518274 7.84572156566422 7.70782548260007 10.3025775794993 8.27292088955147 8.26012974354654 8.13017712898827 7.09034017175399
10.2942546661365 7.65181283602465 10.204828371763 9.59944214276838 8.57414948255625 9.91329726564023 9.0692634870839 10.6857942038096 9.87793522909604 8.90001845051503
8.97053194835487 9.58640369594785 9.02041458308392 8.99963885452756 8.65327257262841 7.73387790227239 9.28418258430582 8.94266488137385 8.74633293318815 10.6580140454492
9.87718195095547 9.17623814562223 10.3230709472726 9.71565087993997 6.97746531193072 9.15604062916038 8.53750489129047 9.27675883073401 9.38699579435267 5.97933906084216
8.99034685037706 6.83306619629488 9.14895937412501 9.60372614554187 8.33373951978574 12.6355706221573 7.89913957340054 8.12501663363824 8.07479873426219 10.2687203882158
6.8665653699541 9.47082442067809 8.43661729461769 8.35414948803571 10.0427912822224 13.5421841335369 10.3446212769245 10.2601034583082 9.38077010730848 6.61247084901463
9.69639979607458 7.94064566949841 9.9436518063465 9.11478243413151 9.66671117559332 13.5720236039236 8.41819581195361 10.457906097795 9.76174881251754 8.19352743057267
9.90618432202089 7.58771928641305 9.73603871280732 9.90385800074084 7.6284755465952 7.59183377061555 8.94363952757678 9.0590823384664 9.3600695307089 9.46460300274597
7.03177732046293 6.91093531635489 9.33324864701626 8.38829994131624 8.41855035481194 10.5369830918639 9.36369284824298 10.4737548326132 10.6179721292332 7.45018906640299
9.61106670449433 8.98969460041824 9.85187775621836 8.65532723179106 8.1230576795916 6.09915769297173 6.82678045774404 9.04252455681603 9.4800387998557 5.64221114537561
6.13855539302107 7.80339018432607 8.87049790101534 8.47582043652083 7.61330765874017 9.90343213952418 8.90448058568311 9.95098558416756 8.68087108815758 6.9627799850603
6.1227165116277 7.69938094576884 9.10943660418556 8.402000095363 6.67258489556495 7.33003425518165 8.24514869094021 10.4341524374468 7.16820753553924 10.9031361369093
10.7240458170054 8.46250776157133 10.1139611477899 9.52099720895585 6.76399733527414 4.49575093320022 7.77261321850078 9.66132018104991 9.6198907486167 9.44006479026436
8.14548616663826 7.33771353573708 9.17786049581814 8.00228568166121 7.61195679517731 10.7366883531342 8.80660597253614 9.10079407939872 8.52613155690034 9.89162083387845
8.49735017731458 7.76751934909722 8.60049359037562 8.5475538436306 10.0377777403281 13.4658350852119 7.12691169389839 8.44588505735367 9.75722969528096 11.5988034108123
10.444823754233 8.63645026943259 9.00193450521312 8.77013393370503 7.15860025684158 14.9695837723403 9.58811552822423 10.225480765468 8.89450730083125 11.7379118744214
7.59218808999212 7.20318374457199 9.12315164729668 8.37568969905615 9.08038454569755 7.94600580522937 7.4409903755948 9.70397512202401 9.81053963806274 13.3166939554834
7.86257217966262 8.33672171316725 9.29636009001371 8.78904773444609 5.40332554269503 7.64488174145538 8.66967178899857 9.54788619679312 10.1278825081723 11.3337439867222
8.05969621393507 7.99161058297392 8.22348274592412 8.76764778661686 8.58582957181302 7.19311422610975 7.93537432968811 8.31522318564706 8.50237430716835 12.0899347046199
7.90944272044531 8.52438463449842 7.68534741879191 7.72538856416792 7.14932589597499 10.3825049539786 9.90977311966751 10.6484274134663 9.22421539227274 10.6187001170425
7.38927343656559 7.49205614963907 8.58172853784158 8.67775548732775 5.66133692736159 9.34554541052053 6.59816207575839 9.44566161735862 8.23459559480265 13.8489892835012
7.76377968664175 7.98700537524435 8.92335968076573 8.64822785934801 6.03097087698493 9.01285452544217 6.80815069197301 9.07140291278362 9.42507388328555 10.9840535312585
10.4274355035441 11.1177701425202 10.242929671036 10.3570443739969 5.38572388720455 9.28086299836023 7.91401381371505 10.0415906851722 9.41155462191082 10.1996653697594
10.6151459512649 8.09785318739551 9.77896981846943 9.0619269858883 5.38208082131866 13.4877302265765 8.63354353341162 9.48585263088277 11.3835200944363 8.32943627240025
9.98412153123039 8.96474602239113 8.75618322334379 9.83120795744122 8.36928769631835 7.55337910128796 8.64446164909947 10.5777728506837 8.74052481068032 8.3524245760788
7.39335083542028 6.54943346573552 8.76800947859868 7.5726992426756 6.52064848016591 6.05936956847079 7.8936609278436 8.44002635149615 8.38123480461906 17.8834502395499
7.01418149233908 7.03460486543768 9.15579046909252 8.94572716228927 9.78389739250716 10.0879973142122 8.26464491698248 8.93617835132923 8.92705191354551 11.0708520844527
11.1568486206844 6.47948567387597 10.855003791717 9.90262866473768 7.91232104019857 8.68460242707628 7.64679121925754 9.62880323028155 8.15812101617676 11.50902021194
8.81435854812202 8.10005254214536 9.22118200724606 9.27334099978468 10.7640613858883 7.85284411486434 7.97760513404384 8.44104125815558 8.93607060753549 8.91768456178946
7.21219646533937 9.06182288643308 8.51497076066546 8.1278517996707 6.64219370950496 10.1959589142266 8.10110902389988 9.79125347090246 8.50766729881524 8.02841515643332
7.77894873440543 10.6229214226651 8.11693407093449 8.34311245093898 8.73146728603616 9.20136874696143 7.04147893563315 11.0867425963942 8.8742522020826 6.76243389348268
8.9938678658233 8.83930531500659 8.50289659980493 8.68281799300979 9.13133343279925 10.7109388365659 8.312217316176 9.67359580457948 11.0966102891201 10.3498021621327
8.05647134571887 8.37863134496449 9.18636438409231 9.46964584960021 10.4328290948905 7.92528420035706 7.5360614347638 11.0978387003479 9.03078391307972 8.83699538564024
8.82091497322571 6.98547313553991 9.06769863278288 9.21210029770409 8.72124873210235 2.07931887002644 6.36235946674062 8.8585490989196 8.75780137877998 7.22559919384408
8.88532015193446 7.48771363755076 8.51898418522943 8.97242361677082 5.67574247864487 10.7702591927917 9.80651460315219 10.0404318340101 9.96042479626799 13.2151312614907
9.34181649826851 8.17748276024637 10.2237371440371 9.12417339312467 10.1506043173667 7.60292551646929 7.39062467542014 9.37400862278764 10.1865295325486 7.13839444493269
6.44987069003571 7.96690379155576 7.95390496077048 8.58169566721189 4.64298606815377 12.3366550241837 8.27882688186482 10.5122718453269 8.49362899445483 10.0620250222293
9.42725961410022 8.81755377448836 9.955814294647 8.42646343487305 9.18680477109454 12.184520581601 9.71725292650107 8.81020292350361 9.03236138913651 9.49399888131387
6.74430008877755 7.99208140091112 8.63249000236766 7.01190094440568 8.63460792160873 9.53787513096994 8.22748293195347 9.68858685462888 7.63102145818354 9.52384726919019
8.45323074879745 7.65464668819018 8.79247753783489 8.63646431784286 7.94915633008925 10.9642344172113 7.81624839281628 10.350309919417 9.26424366169289 6.14410064042254
9.29940911330837 8.60922082709869 9.44447341387662 9.60311019520347 7.18766400470274 6.8877270612452 7.98895444652561 9.33358986794415 8.79102963424994 12.1897732041484
6.97817843398087 7.47934309406331 9.17392148468854 8.26775330958062 9.06588269113238 9.81833599774745 7.03668457955773 9.15828434935079 7.4466896243044 6.08846715022658
6.38746308546923 7.5412630470904 8.12770289171588 8.89989125469621 6.72509598773342 11.2020383277226 7.38886246911474 10.7683133574808 10.4835151559489 8.64016662587149
10.0816349466194 8.02161379806508 9.62986373436352 9.66165592413557 9.04976778719426 10.5932715093085 8.47976947670939 9.6390616500254 8.04239321944913 13.8067255661665
7.08781677658254 7.99327656118221 8.65605637783476 8.78128182307293 8.22894039186615 6.06913131466961 6.4135432931991 8.71634041803569 7.35270034903506 5.53496157906753
7.39300163426553 6.87333637520944 9.39841079715861 8.41201522721439 8.21433543849256 8.23886665376962 7.97263030317305 10.3273441951998 10.1151660825826 5.14748329884083
7.23325453163195 8.84896759130883 8.02969683928763 8.17109275761116 5.27883260312301 9.14967294101856 7.98955932386756 8.96698486350779 9.846027860096 11.117778113305
6.45684998800442 7.80240833948918 7.68781416456884 8.100563072069 6.35405798950274 7.11349006427085 9.56180600897501 9.37308178703039 10.1252250341796 7.51305920012351
9.99355092572343 9.73529615934534 9.40685505781827 10.2271476607101 8.94187881335031 0.902928077882407 8.06188212168546 7.5307776394565 7.54476474565718 7.65042170446749
7.04959038715524 8.1082623402572 8.12521925288933 7.27127778748186 6.31213254091019 8.31170703118153 8.46265020497127 10.3210352447472 7.23611495561532 9.81096476969638
8.04385430511742 8.69670300729276 8.64800211807128 8.16102075772243 6.56439272009307 9.58524926536217 7.768209831927 9.64091592668824 8.901192285319 6.09543309664327
7.98274287246247 8.08051997242024 8.35582286290153 8.57078485341289 9.46045479871544 11.161521015183 7.5839445983799 9.9171227880319 10.787403543495 8.63787455920114
8.9614202453901 9.35753691992912 9.76298782810744 8.82717866581125 10.0329067187343 9.2140666180645 7.04646438435524 11.4733028644602 8.17202552228199 7.55969932503671
9.34291019703944 7.79736222861768 9.86556492417463 9.51282698902136 7.04780060128479 9.95525049392946 8.23136924427803 9.95265614433955 8.68795102474484 8.02594043181998
8.42307158496148 7.42258937831511 8.21787361723957 7.54290931141419 8.43787021059401 9.29190700306142 6.97815081678599 9.54316801447193 8.60084077676886 6.02390031336804
9.06702056764312 7.82171234217203 8.79449261502833 8.44234188880744 8.31144312237638 5.01167352373903 7.50989628777662 11.2164856978091 8.2708712076823 4.88670036837743
8.90400492095847 8.91836464091613 9.54062122121227 8.87831738008763 6.59646108118916 10.8790900800382 8.72866003832646 9.55975585371623 8.82895163905338 11.9457547412473
8.14330346152973 6.01239181381284 8.86845902643777 9.10975035254885 8.57843505011852 11.3678600539323 7.44191767975372 9.84981475985038 7.94498456781731 8.10964187235934
9.29663574249219 8.85631723919609 9.01962221242699 8.18224401632145 5.43537337374633 11.3646507566963 7.51611089127435 9.49287313194428 9.04775508411651 6.39442713249752
11.2991019057466 8.05072933291271 9.58473283392087 10.0736721853455 9.52426041619948 8.66975050693597 9.31526559707292 9.50879250494315 8.60697833904333 9.62629682982268
7.23059879513471 7.09559898496721 9.08493623469088 8.48299649770263 6.51050246611217 5.9526470917834 7.28362660777011 10.6995656749362 10.8073563072826 10.5895585725291
7.03373043479126 7.0837732549358 8.38224055915461 8.17331426112667 7.29155056278006 7.0679041496252 8.08076130065333 9.59114339414455 8.34042762262008 12.1142746437625
8.78218322118053 7.74209517096943 9.26804804451837 9.51307898984342 8.47228645335939 13.4090974200818 9.61430886050108 8.83068420818398 9.83951460726628 6.40025279964715
8.26002148007984 9.29304636451185 10.0753901790911 9.30702051397928 9.61860848994669 8.89261407086655 8.6870499217432 9.7677103345002 9.23546409865875 10.8325611604912
8.7947379971233 7.91377240368375 9.05055831175821 9.46044919474205 9.24349918836949 8.34636699349489 8.97490524554043 9.35051987138382 7.77114541136781 11.4077670404128
8.72991734217621 9.11030807310595 9.28673169558398 8.40851843863616 9.01231094755797 4.68449914939752 8.66038299213801 8.73179074973549 8.54094165549364 12.4014217248083
9.71752035883652 9.00407945841046 9.31551283006854 10.2547940168726 7.39477644370653 6.9149137108158 9.03557702401988 10.2869720165531 9.14594223141335 9.74126640910921
9.53463507171575 11.0827445508544 10.6850339911962 9.61428965795487 8.72700056179684 9.48125771306895 7.1299655622654 8.19635467542358 7.34908891857155 9.38090392164646
11.6823996676032 9.48897704543742 10.0975467531383 9.63629599022336 8.93805183344887 6.60681553278828 8.27158306869563 8.84497229154263 8.34447485321441 16.7979513822609
8.20359925965065 9.16234903329578 9.14210683537448 9.13444590321941 8.95823860374225 11.2877433404097 8.99567989593002 10.751727193242 9.80319467560363 6.8214582850854
9.8980037952946 7.73508516345554 9.84096163900027 9.81645093463317 7.7264408756822 10.7478173459661 9.75578938220858 9.43776227625638 8.43807957002232 8.73528746520771
7.55837993072511 8.41313234507937 8.92226344801156 9.05169512208125 8.52351375599402 10.1964428184638 9.15743230808943 10.7608746067487 9.96402494250215 10.3089901838749
6.23461265377868 8.83730607517486 8.98422545077217 8.47923905021466 6.96012446630441 6.04912008589905 8.85723261886866 9.29525755366835 8.69400641855758 6.73916791543488
7.70492024603425 7.71172038218689 7.94228476050153 8.78670898058986 9.09685410498369 10.5342856173862 7.74445044367787 9.70804260402537 8.44198011784507 10.3444452839824
8.04350513258579 9.45050767349217 8.41501599782127 8.52999662142924 6.72396843778911 9.4456725835446 8.39548456382833 10.3591639529744 8.17961351639469 8.67854043619787
8.61116718108332 8.65637451483012 9.23411901382199 8.95922765186974 10.182475275386 11.5860745416544 9.27553306318051 11.0093502663561 10.6935046229882 8.40635253062593
7.9893652330885 6.19164572431002 8.54483967777649 8.46644638488645 9.25390551478101 9.20078514177706 8.33420347236898 8.98186599715745 9.67847406413615 10.6670906185753
8.54106391799543 7.18301710448873 8.62362562609541 9.07587923173378 11.3697240045534 8.96940568805625 8.11046220271552 10.4403316232257 9.48435756726209 11.0471961345586
9.69670107267434 8.00922806943785 9.89535238913528 8.66136057374825 9.03208158749914 12.6792834772489 7.7047031693702 11.1940922700449 10.3308325260188 7.67236324539785
8.19957496100484 6.25976516638816 8.93983493722551 8.85800276634248 7.60335552694796 4.50687209158324 8.21050249619645 8.45996752834372 8.16430742318099 8.97264660327903
8.02847964137918 7.81238770932804 8.04193210959414 8.63646722235872 8.05892735023764 10.0903505699784 7.9001463710293 10.9499766129867 9.47062825373951 8.18655858961324
9.56840538559471 8.44205998907675 9.12723991344033 8.60851380823912 8.96360984608502 9.60319348303579 8.79612246816461 11.0770745027338 9.98977208046438 9.47322201961378
7.49667579608557 7.67596947729683 8.6458629728759 8.46002529723442 10.3633416167774 10.1570978505837 11.0146202446295 9.42116426441246 8.50290712907353 15.0539072868123
7.56497971370117 8.95706340299663 9.4347679011442 9.0729707092511 7.01054188979499 6.88536997120571 8.17460586758122 8.26066228279921 7.84435150914852 11.3228198804984
7.88062848735252 7.54779491263808 10.1743393330701 9.73161957278323 6.77480886728427 6.05790249300725 8.42704639104507 8.80155397405805 9.75040177840957 10.168951008049
